32768
33240
33711
34183
34654
35125
35595
36065
36534
37002
37470
37936
38401
38866
39329
39790
40250
40709
41166
41621
42074
42525
42975
43422
43867
44310
44750
45188
45623
46056
46486
46913
47337
47758
48176
48591
49002
49410
49815
50216
50614
51007
51397
51784
52166
52544
52918
53288
53654
54015
54372
54725
55072
55416
55754
56088
56417
56741
57060
57374
57683
57987
58286
58579
58867
59150
59427
59698
59964
60224
60479
60728
60971
61208
61440
61665
61884
62098
62305
62506
62701
62890
63073
63249
63419
63582
63740
63890
64035
64172
64304
64429
64547
64658
64763
64862
64954
65039
65117
65189
65254
65312
65363
65408
65446
65477
65502
65519
65530
65534
65531
65522
65505
65482
65452
65415
65372
65322
65265
65201
65131
65053
64970
64879
64782
64678
64568
64451
64327
64197
64060
63917
63767
63611
63449
63280
63105
62924
62736
62542
62342
62136
61924
61705
61481
61251
61015
60773
60525
60271
60012
59747
59476
59200
58919
58632
58340
58042
57739
57431
57118
56800
56476
56148
55815
55478
55135
54788
54437
54080
53720
53355
52986
52612
52235
51853
51468
51079
50686
50289
49888
49484
49077
48666
48252
47834
47414
46990
46564
46134
45702
45267
44830
44390
43948
43503
43056
42607
42156
41703
41248
40792
40334
39874
39413
38950
38486
38021
37555
37087
36619
36150
35681
35210
34740
34269
33797
33326
32854
32382
31910
31439
30968
30497
30026
29556
29087
28619
28151
27685
27219
26755
26292
25830
25369
24911
24453
23998
23544
23092
22643
22195
21750
21306
20866
20427
19992
19559
19128
18701
18276
17854
17436
17020
16608
16200
15794
15393
14994
14600
14209
13822
13439
13060
12685
12315
11948
11586
11228
10875
10526
10182
9843
9508
9178
8853
8533
8218
7908
7604
7304
7010
6721
6437
6159
5887
5620
5358
5103
4853
4609
4370
4138
3912
3691
3477
3268
3066
2870
2680
2496
2319
2148
1983
1825
1673
1527
1388
1256
1130
1010
897
791
692
599
512
433
360
294
234
181
136
96
64
38
20
8
2
4
12
27
49
78
113
156
205
260
323
392
468
551
640
736
839
948
1064
1186
1315
1450
1592
1741
1896
2057
2225
2399
2579
2765
2958
3157
3362
3573
3790
4014
4243
4478
4719
4966
5218
5477
5740
6010
6285
6566
6852
7143
7440
7741
8049
8361
8678
9000
9328
9660
9997
10338
10684
11035
11391
11750
12114
12483
12855
13232
13613
13998
14386
14779
15175
15575
15978
16385
16795
17209
17626
18046
18469
18895
19323
19755
20189
20626
21066
21508
21952
22398
22847
23298
23750
24205
24661
25119
25578
26039
26502
26966
27431
27897
28364
28832
29300
29770
30240
30711
31182
31653
32125
32596
33068
33540
34012
34483
34954
35424
35894
36364
36832
37300
37767
38232
38697
39160
39622
40083
40542
41000
41455
41909
42362
42812
43260
43706
44149
44590
45029
45465
45899
46330
46758
47183
47605
48024
48440
48853
49262
49668
50071
50470
50865
51256
51644
52027
52407
52783
53154
53521
53884
54243
54597
54947
55291
55632
55967
56298
56624
56945
57261
57572
57877
58178
58473
58763
59048
59327
59600
59868
60130
60387
60638
60883
61123
61356
61584
61805
62021
62230
62434
62631
62822
63007
63185
63358
63524
63683
63836
63983
64123
64257
64384
64505
64619
64726
64827
64921
65009
65089
65163
65231
65292
65345
65393
65433
65467
65493
65514
65527
65533
65533
65526
65512
65491
65464
65430
65389
65341
65286
65225
65157
65082
65001
64913
64818
64717
64609
64494
64373
64245
64111
63970
63823
63669
63509
63342
63169
62990
62805
62613
62416
62212
62002
61785
61563
61335
61101
60861
60616
60364
60107
59844
59575
59301
59022
58737
58446
58151
57850
57544
57232
56916
56595
56268
55937
55601
55260
54915
54565
54210
53851
53488
53121
52749
52373
51993
51609
51221
50829
50433
50034
49631
49225
48816
48403
47986
47567
47145
46719
46291
45860
45426
44989
44550
44109
43665
43219
42771
42321
41868
41414
40958
40500
40041
39580
39118
38655
38190
37724
37257
36790
36321
35852
35382
34911
34440
33969
33497
33025
32554
32082
31610
31139
30668
30197
29727
29258
28789
28321
27854
27388
26923
26460
25998
25537
25077
24619
24163
23709
23257
22806
22358
21911
21467
21026
20586
20150
19716
19284
18856
18430
18007
17588
17171
16758
16348
15941
15538
15139
14743
14351
13962
13578
13198
12821
12449
12081
11717
11358
11003
10653
10307
9966
9629
9298
8971
8649
8332
8020
7714
7412
7116
6825
6540
6260
5985
5716
5453
5195
4943
4697
4456
4222
3993
3770
3554
3343
3139
2940
2748
2562
2383
2209
2042
1881
1727
1579
1438
1303
1175
1053
938
829
727
632
543
461
386
317
255
200
151
110
75
47
26
11
3
2
8
21
40
67
100
139
186
239
299
366
440
520
607
700
800
907
1021
1141
1267
1400
1540
1686
1839
1998
2163
2335
2513
2697
2887
3084
3287
3496
3711
3932
4159
4392
4631
4875
5126
5382
5644
5911
6184
6463
6747
7036
7331
7631
7936
8247
8562
8883
9208
9538
9873
10213
10558
10907
11261
11619
11981
12348
12719
13095
13474
13857
14244
14636
15030
15429
15831
16237
16646
17058
17474
17893
18314
18739
19167
19598
20031
20467
20906
21347
21790
22236
22684
23133
23585
24039
24495
24952
25411
25872
26334
26797
27261
27727
28194
28661
29130
29599
30069
30539
31010
31482
31953
32425
32897
33368
33840
34311
34783
35253
35723
36193
36662
37130
37597
38063
38528
38992
39455
39916
40375
40833
41290
41745
42197
42648
43097
43544
43988
44430
44870
45307
45742
46173
46603
47029
47452
47872
48289
48703
49114
49521
49925
50325
50721
51114
51503
51888
52269
52647
53020
53388
53753
54113
54469
54820
55167
55509
55846
56178
56506
56829
57147
57459
57767
58069
58366
58658
58945
59226
59501
59771
60036
60295
60548
60795
61036
61272
61502
61725
61943
62155
62361
62560
62753
62940
63121
63296
63464
63626
63781
63930
64073
64209
64338
64461
64578
64688
64791
64888
64977
65061
65137
65207
65270
65327
65376
65419
65455
65484
65507
65523
65532
65534
65529
65518
65500
65475
65443
65404
65359
65307
65248
65182
65110
65031
64946
64853
64754
64649
64536
64418
64292
64160
64022
63877
63726
63568
63404
63233
63056
62873
62684
62488
62286
62079
61865
61645
61419
61187
60949
60706
60456
60201
59940
