1000000000000000
1001100001111110
1010110101000001
1011101100100001
1100000000000000
1011101100100001
1010110101000001
1001100001111110
1000000000000000
0110011110000010
0101001010111111
0100010011011111
0100000000000000
0100010011011111
0101001010111111
0110011110000010
1000000000000000
1001100001111110
1010110101000001
1011101100100001
1100000000000000
1011101100100001
1010110101000001
1001100001111110
1000000000000000
0110011110000010
0101001010111111
0100010011011111
0100000000000000
0100010011011111
0101001010111111
0110011110000010
1000000000000000
1001100001111110
1010110101000001
1011101100100001
1100000000000000
1011101100100001
1010110101000001
1001100001111110
1000000000000000
0110011110000010
0101001010111111
0100010011011111
0100000000000000
0100010011011111
0101001010111111
0110011110000010
1000000000000000
1001100001111110
1010110101000001
1011101100100001
1100000000000000
1011101100100001
1010110101000001
1001100001111110
1000000000000000
0110011110000010
0101001010111111
0100010011011111
0100000000000000
0100010011011111
0101001010111111
0110011110000010
1000000000000000
1001100001111110
1010110101000001
1011101100100001
1100000000000000
1011101100100001
1010110101000001
1001100001111110
1000000000000000
0110011110000010
0101001010111111
0100010011011111
0100000000000000
0100010011011111
0101001010111111
0110011110000010
1000000000000000
1001100001111110
1010110101000001
1011101100100001
1100000000000000
1011101100100001
1010110101000001
1001100001111110
1000000000000000
0110011110000010
0101001010111111
0100010011011111
0100000000000000
0100010011011111
0101001010111111
0110011110000010
1000000000000000
1001100001111110
1010110101000001
1011101100100001
1100000000000000
1011101100100001
1010110101000001
1001100001111110
1000000000000000
0110011110000010
0101001010111111
0100010011011111
0100000000000000
0100010011011111
0101001010111111
0110011110000010
1000000000000000
1001100001111110
1010110101000001
1011101100100001
1100000000000000
1011101100100001
1010110101000001
1001100001111110
1000000000000000
0110011110000010
0101001010111111
0100010011011111
0100000000000000
0100010011011111
0101001010111111
0110011110000010
