1000000000000000
1000001110101111
1000011101011011
1000101100000001
1000111010011101
1001001000101101
1001010110101110
1001100100011100
1001110001110101
1001111110110110
1010001011011011
1010010111100100
1010100011001100
1010101110010001
1010111000110001
1011000010101010
1011001011111010
1011010100011111
1011011100010110
1011100011011111
1011101001111000
1011101111011110
1011110100010010
1011111000010010
1011111011011110
1011111101110100
1011111111010100
1011111111111110
1011111111110010
1011111110101111
1011111100110110
1011111010001000
1011110110100100
1011110010001101
1011101101000001
1011100111000100
1011100000010101
1011011000110111
1011010000101011
1011000111110011
1010111110010000
1010110100000100
1010101001010011
1010011101111110
1010010010000111
1010000101110001
1001111000111110
1001101011110010
1001011110001111
1001010000011000
1001000010010000
1000110011111010
1000100101011001
1000010110110000
1000001000000011
0111111001010011
0111101010100101
0111011011111011
0111001101011010
0110111111000010
0110110000111001
0110100011000000
0110010101011100
0110001000001101
0101111011011001
0101101111000000
0101100011000110
0101010111101110
0101001100111001
0101000010101010
0100111001000011
0100110000000111
0100100111110111
0100100000010100
0100011001100001
0100010011011111
0100001110001111
0100001001110011
0100000110001011
0100000011010111
0100000001011010
0100000000010010
0100000000000001
0100000000100110
0100000010000001
0100000100010010
0100000111011001
0100001011010100
0100010000000100
0100010101100110
0100011011111010
0100100010111110
0100101010110001
0100110011010010
0100111100011110
0101000110010011
0101010000110000
0101011011110010
0101100111010111
0101110011011101
0110000000000000
0110001100111110
0110011010010101
0110101000000001
0110110110000001
0111000100001111
0111010010101011
0111100001010000
0111101111111011
0111111110101010
1000001101011001
1000011100000110
1000101010101100
1000111001001010
1001000111011011
1001010101011101
1001100011001101
1001110000101000
1001111101101011
1010001010010011
1010010110011110
1010100010001001
1010101101010010
1010110111110110
1011000001110011
1011001011000110
1011010011101111
1011011011101011
